four_thread iters/thread=100000
slab: 9796.62 us, 4.08304e+07 ops/sec
malloc: 20400.8 us, 1.96071e+07 ops/sec
